2
17
32
47
61
75
89
104
119
134
149
162
176
191
206
222
235
249
264
279
294
309
323
337
351
367
382
397
411
425
440
455
470
486
499
514
529
545
558
573
586
602
617
633
647
662
676
690
706
722
736
750
765
780
796
812
825
840
853
869
886
900
913
928
944
959
974
990
1003
1018
1033
1050
1064
1077
1092
1108
1123
1139
1154
1169
1183
1198
1214
1230
1243
1259
1274
1289
1304
1319
1333
1348
1363
1381
1396
1410
1424
1439
1455
1470
1485
1501
1516
1531
1547
1562
1576
1590
1606
1622
1638
1653
1667
1682
1697
1713
1729
1743
1758
1774
1790
1805
1820
1834
1849
1865
1882
1897
1912
1927
1942
1957
1973
1988
2003
2018
2035
2050
2065
2080
2094
2110
2126
2143
2158
2172
2187
2202
2219
2234
2249
2265
2281
2297
2312
2326
2341
2357
2373
2389
2404
2419
2434
2450
2466
2481
2497
2512
2527
2544
2560
2574
2589
2605
2621
2637
2653
2668
2682
2698
2714
2730
2746
2760
2777
2793
2808
2823
2838
2853
2870
2887
2902
2917
2933
2949
2964
2980
2995
3010
3026
3043
3059
3073
3089
3104
3121
3137
3153
3168
3183
3199
3215
3231
3245
3261
3277
3294
3310
3324
3340
3355
3372
3389
3404
3419
3435
3451
3467
3483
3498
3513
3530
3547
3562
3577
3592
3608
3625
3641
3657
3672
3687
3704
3721
3736
3751
3767
3784
3800
3815
3831
3848
3868
3890
3910
3929
3944
3960
3977
3994
4013
4033
4050
4067
4084
4101
4120
4138
4156
4174
4193
4210
4228
4245
4263
4281
4300
4317
4334
4352
4370
4389
4408
4425
4443
4461
4478
4497
4514
4533
4552
4569
4587
4605
4623
4641
4660
4677
4696
4714
4732
4749
4768
4786
4805
4823
4840
4858
4877
4895
4914
4932
4949
4968
4986
5004
5024
5041
5060
5077
5094
5113
5133
5151
5169
5186
5205
5223
5241
5260
5279
5297
5316
5334
5351
5370
5388
5407
5424
5443
5461
5480
5498
5517
5536
5555
5572
5589
5608
5627
5646
5665
5682
5701
5720
5738
5756
5774
5794
5811
5830
5847
5866
5885
5904
5923
5941
5959
5978
5996
6014
6034
6053
6071
6087
6106
6125
6144
6164
6181
6201
6220
6237
6255
6275
6294
6312
6330
6347
6367
6387
6405
6423
6442
6460
6478
6498
6516
6536
6555
6573
6591
6609
6628
6647
6666
6685
6703
6722
6740
6758
6778
6797
6816
6834
6852
6871
6891
6909
6928
6946
6965
6984
7002
7021
7041
7060
7077
7096
7114
7134
7153
7172
7190
7209
7228
7246
7265
7285
7304
7323
7341
7359
7379
7398
7417
7435
7454
7473
7492
7510
7529
7549
7568
7585
7605
7623
7643
7662
7681
7699
7719
7737
7756
7776
7794
7813
7832
7849
7869
7889
7909
7926
7946
7964
7984
8002
8021
8042
8060
8078
8097
8116
8136
8155
8173
8192
8211
8230
8249
8268
8288
8307
8326
8345
8363
8382
8402
8421
8440
8458
8477
8497
8515
8536
8555
8574
8592
8611
8630
8650
8669
8687
8706
8726
8744
8763
8782
8802
8821
8839
8858
8879
8898
8917
8936
8955
8974
8993
9012
9032
9052
9070
9089
9107
9127
9147
9167
9185
9204
9224
9242
9261
9281
9301
9320
9339
9357
9377
9397
9416
9435
9454
9473
9493
9512
9531
9550
9569
9588
9608
9627
9647
9667
9685
9704
9724
9742
9761
9781
9801
9820
9839
9858
9878
9898
9917
9936
9955
9974
9993
10012
10032
10052
10071
10089
10109
10129
10149
10168
10186
10206
10226
10244
10263
10284
10303
10322
10341
10361
10381
10400
10419
10438
10458
10477
10496
10515
10535
10555
10574
10593
10613
10632
10652
10671
10689
10709
10729
10748
10768
10787
10807
10827
10845
10864
10884
10904
10923
10942
10962
10981
11001
11020
11041
11060
11079
11098
11117
11137
11157
11176
11195
11215
11235
11253
11272
11293
11313
11332
11350
11371
11391
11410
11429
11448
11468
11488
11507
11527
11547
11566
11584
11604
11625
11645
11665
11683
11702
11722
11741
11761
11781
11801
11820
11839
11858
11878
11898
11917
11937
11957
11976
11996
12015
12035
12056
12074
12093
12113
12134
12153
12173
12191
12210
12230
12249
12270
12289
12310
12329
12348
12368
12389
12407
12426
12446
12466
12485
12504
12524
12545
12564
12583
12603
12623
12643
12662
12681
12701
12721
12741
12759
12780
12800
12820
12838
12858
12878
12898
12918
12936
12957
12976
12996
13015
13035
13055
13075
13094
13113
13134
13154
13174
13194
13213
13232
13251
13271
13292
13311
13331
13351
13370
13391
13410
13429
13448
13469
13488
13508
13528
13548
13567
13586
13606
13626
13646
13666
13685
13706
13725
13745
13763
13784
13804
13824
13843
13862
13884
13903
13922
13942
13962
13982
14001
14021
14042
14061
14080
14099
14120
14140
14160
14180
14199
14219
14238
14258
14278
14298
14318
14338
14357
14377
14397
14417
14437
14457
14477
14496
14514
14536
14556
14575
14593
14614
14634
14654
14674
14694
14714
14733
14753
14773
14793
14813
14832
14851
14872
14893
14912
14931
14951
14971
14991
15011
15031
15052
15071
15090
15109
15129
15150
15171
15190
15210
15230
15249
15269
15289
15309
15329
15348
15368
15388
15408
15427
15448
15467
15488
15507
15529
15548
15568
15586
15606
15626
15647
15668
15687
15706
15726
15745
15765
15785
15805
15826
15846
15865
15886
15906
15925
15945
15964
15985
16005
16025
16045
16065
16084
16103
16124
16144
16165
16184
16204
16224
16243
16263
16283
16304
16323
16342
16362
16383
16404
16423
16443
16463
16483
16502
16522
16543
16564
16582
16602
16622
16642
16663
16682
16703
16722
16742
16761
16782
16802
16822
16840
16861
16881
16902
16923
16941
16961
16981
17001
17021
17043
17062
17081
17100
17121
17142
17162
17181
17201
17221
17241
17260
17281
17302
17322
17341
17361
17382
17402
17421
17441
17461
17481
17501
17520
17541
17562
17581
17600
17621
17641
17662
17681
17701
17721
17741
17760
17781
17801
17821
17840
17860
17881
17902
17922
17941
17961
17981
18001
18021
18042
18061
18081
18100
18121
18142
18162
18183
18201
18221
18241
18260
18281
18302
18322
18341
18361
18382
18402
18422
18441
18462
18481
18501
18521
18544
18564
18582
18601
18621
18642
18663
18682
18702
18723
18742
18762
18783
18803
18823
18842
18862
18883
18903
18923
18943
18963
18984
19003
19023
19044
19064
19083
19103
19124
19145
19165
19183
19204
19224
19244
19263
19284
19304
19325
19343
19364
19385
19405
19425
19445
19465
19485
19505
19525
19546
19566
19585
19604
19625
19645
19666
19685
19706
19726
19746
19766
19787
19807
19827
19846
19866
19887
19907
19927
19947
19968
19987
20007
20027
20049
20068
20088
20108
20128
20149
20169
20188
20208
20229
20248
20269
20289
20309
20329
20348
20369
20390
20410
20431
20450
20470
20491
20511
20530
20552
20571
20590
20611
20631
20651
20672
20691
20713
20732
20751
20772
20793
20813
20832
20851
20872
20893
20913
20933
20953
20973
20993
21013
21034
21055
21074
21093
21114
21134
21156
21174
21194
21215
21236
21255
21275
21296
21317
21336
21355
21376
21397
21417
21437
21457
21477
21498
21517
21538
21559
21578
21597
21617
21638
21659
21679
21700
21720
21739
21758
21779
21800
21820
21840
21860
21880
21901
21920
21940
21961
21981
22001
22022
22042
22062
22081
22101
22122
22143
22164
22183
22203
22224
22243
22263
22283
22304
22324
22343
22363
22385
22405
22425
22445
22464
22485
22505
22526
22547
22567
22586
22606
22626
22647
22668
22687
22708
22728
22747
22768
22788
22809
22829
22848
22868
22891
22910
22929
22950
22969
22990
23010
23030
23052
23073
23091
23111
23132
23152
23172
23192
23213
23233
23253
23273
23293
23313
23332
23348
23362
23379
23396
23415
23435
23455
23474
23493
23510
23528
23547
23565
23582
23601
23621
23639
23658
23676
23694
23712
23730
23747
23765
23785
23804
23822
23839
23857
23876
23894
23912
23930
23949
23968
23985
24003
24021
24040
24059
24077
24093
24112
24131
24149
24168
24185
24204
24222
24240
24258
24276
24295
24313
24331
24348
24366
24386
24404
24422
24439
24458
24475
24493
24511
24530
24549
24568
24584
24602
24620
24639
24658
24676
24694
24711
24730
24747
24765
24784
24802
24821
24838
24857
24874
24893
24911
24928
24946
24965
24983
25001
25018
25037
25056
25073
25091
25109
25127
25146
25164
25181
25200
25218
25236
25253
25271
25290
25309
25326
25343
25361
25381
25400
25416
25434
25452
25470
25488
25506
25524
25543
25561
25578
25596
25613
25632
25651
25669
25685
25704
25723
25740
25758
25777
25796
25813
25831
25848
25866
25885
25903
25920
25940
25956
25974
25992
26010
26029
26047
26066
26082
26099
26118
26137
26155
26172
26190
26208
26226
26244
26261
26280
26299
26317
26334
26350
26370
26388
26406
26423
26441
26459
26477
26495
26513
26531
26550
26568
26584
26603
26621
26640
26658
26675
26692
26711
26729
26746
26764
26783
26801
26818
26836
26853
26872
26891
26909
26925
26943
26961
26980
26997
27014
27033
27051
27069
27086
27104
27122
27142
27160
27177
27195
27212
27230
27247
27265
27284
27302
27320
27337
27354
27373
27392
27409
27426
27444
27462
27481
27498
27516
27534
27553
27570
27587
27605
27624
27641
27660
27676
27693
27712
27731
27748
27766
27785